procs -----------memory---------- ---swap-- -----io---- -system-- -------cpu-------
 r  b   swpd   free   buff  cache   si   so    bi    bo   in   cs us sy id wa st gu
 0  1 948480 4131812 103984 4845576    8   58   241   405 3885   17 10  3 87  0  0  0
 0  0 948480 4144696 103992 4837820    0    0     0   432 3922 6476 10  5 85  1  0  0
 0  0 948480 4113108 104012 4834184    0    0   172  1172 3816 7094 18  5 77  1  0  0
 0  0 948480 4083276 104028 4829092    0    0     0  1184 3500 6908 13  5 81  1  0  0
 0  0 948480 4086128 104028 4832548    0    0     0     0 5124 8206 10  6 83  1  0  0
 2  0 948480 4021476 104348 4830404    0    0   448  1286 5158 7390 17  8 73  1  0  0
 9  1 948480 3746076 109092 4916148  136    0 35668   562 9739 16649 49 16 32  2  0  0
 5  0 948480 3468924 111064 5013044  268    0 24076   506 11134 31438 67 23  8  2  0  0
 0  0 948224 3280556 111688 5057220   20    0 49474  3484 8338 20104 62 22 15  1  0  0
 0  0 948224 3416768 111732 5049588    0    0     4  1296 4752 7758 13 12 75  1  0  0
 3  0 948224 3464128 111748 5042396    0    0    14    64 4718 6872 44  6 50  0  0  0
 3  0 948224 3519472 112300 5042476   26    0   296  1436 5343 4667 79  3 18  0  0  0
 3  0 948224 3613156 112316 5041444  228    0   228    62 4969 3203 77  3 20  0  0  0
 3  0 948224 3656812 112316 5041552    0    0     0     0 4963 4274 78  4 18  0  0  0
11  1 948224 3679824 112324 5042024    0    0     4    10 5095 4903 79  4 17  0  0  0
 9  0 948224 3692880 112464 5047120    0    0    66    38 5336 4182 87  5  9  0  0  0
 4  0 948224 3725940 112508 5042328    0    0    10  3236 5031 3085 83  4 13  1  0  0
 3  0 948224 3746676 112524 5041856    0    0     0   104 4819 2945 80  3 16  0  0  0
 3  0 948224 3763764 112524 5041856    0    0     0     2 4559 2362 80  3 16  0  0  0
 5  0 948224 3777520 112536 5041928    0    0     2   108 4526 2555 81  3 16  0  0  0
 4  0 948224 3810224 112556 5041912   22    0    22   274 4929 3005 83  5 12  0  0  0
procs -----------memory---------- ---swap-- -----io---- -system-- -------cpu-------
 r  b   swpd   free   buff  cache   si   so    bi    bo   in   cs us sy id wa st gu
 5  0 948224 3815596 112700 5095792   28    0   146     6 4780 2806 83  5 12  0  0  0
 3  0 948224 3836540 112708 5063872    0    0     0    84 5254 3465 87  4  9  0  0  0
 4  0 939008 3825980 112876 5070616 4614    0  4870   220 5475 3718 84  4 11  1  0  0
 3  0 933376 3822228 112924 5053864 2870    0  2884   538 5505 4123 83  5 12  1  0  0
 3  0 933376 3827224 112924 5053768   16    0    16     2 4875 3106 80  4 16  0  0  0
 4  0 933376 3838456 112932 5053768    0    0     0    60 5297 3834 81  4 15  1  0  0
 5  0 932608 3827092 113796 5070212  892    0  9560   178 6865 6735 83  5  8  3  0  0
 4  1 932096 3817036 113796 5067156   86    0  3572    80 6358 5560 86  6  6  2  0  0
 4  0 932096 3815948 113796 5067000    0    0     0   264 4955 3210 81  4 15  0  0  0
 4  0 932096 3821504 113816 5067108    0    0     6   250 4694 2719 80  4 16  1  0  0
 3  0 932096 3821184 113960 5067056    8    0    76    86 4896 3067 81  4 15  1  0  0
 4  0 932096 3821248 113976 5067052    0    0     0    40 4569 2521 79  4 16  1  0  0
 5  0 932096 3827952 113976 5067692    2    0   390     4 4699 2566 80  4 15  1  0  0
 4  0 932096 3826764 114264 5068240    0    0   142    44 5247 3353 82  5 13  0  0  0
 8  0 932096 3817000 114284 5073220    0    0     2    80 5357 5871 82  5 12  0  0  0
 3  0 932096 3805288 114312 5068776    0    0     2  1218 5046 4058 86  3 10  0  0  0
 3  0 932096 3809104 114312 5067736    0    0     0     2 4466 3570 78  2 20  0  0  0
 3  0 932096 3815548 114340 5067740    0    0     6   224 4532 3438 77  4 19  0  0  0
 3  0 932096 3821572 114476 5067780    0    0    68    42 4138 2084 76  2 22  0  0  0
 4  0 932096 3820448 114476 5067780    0    0     0     0 3830 1386 75  2 23  0  0  0
 9  0 932096 3812660 114492 5072648    4    0     4    86 4097 2296 77  2 21  0  0  0
procs -----------memory---------- ---swap-- -----io---- -system-- -------cpu-------
 r  b   swpd   free   buff  cache   si   so    bi    bo   in   cs us sy id wa st gu
 4  0 932096 3819668 114508 5068548    0    0    24   184 4722 3746 78  3 18  0  0  0
 3  0 932096 3831660 114508 5068556   74    0    74    58 4417 2297 76  3 21  0  0  0
 4  0 932096 3833312 114508 5068512    0    0     0     2 4237 2105 76  2 23  0  0  0
 4  0 932096 3833640 114516 5068512    0    0     0    34 4183 1941 76  3 22  0  0  0
 5  0 932096 3834484 114516 5068500    0    0     0     0 4402 2941 78  3 20  0  0  0
 3  0 932096 3836304 114516 5069540    0    0     0   268 6497 6851 79  5 16  0  0  0
 5  0 932096 3835652 114524 5069544    0    0     0    62 5242 3899 77  4 19  0  0  0
 3  0 932096 3834120 114532 5069556    0    0     0    34 4530 2753 76  4 20  0  0  0
 3  0 932096 3831576 114656 5069556    0    0    50   540 5298 5000 78  7 14  0  0  0
 3  0 932096 3833300 114656 5069556    0    0     0    22 4277 2193 76  2 22  0  0  0
 3  0 932096 3831904 114664 5069572    0    0     0    56 4211 2033 84  2 14  0  0  0
 8  0 932096 3830428 114680 5068436    0    0     0    40 4318 2788 77  2 21  0  0  0
 4  0 932096 3842384 114680 5068548    0    0     0     2 5146 4289 83  3 15  0  0  0
 3  0 932096 3854540 114680 5068548    0    0     0    16 4603 2889 76  4 20  0  0  0
 3  0 932096 3855592 114696 5068560    0    0     0   186 4211 2157 76  2 22  0  0  0
 3  0 932096 3854804 114712 5068552    0    0     0    46 4125 2062 75  2 23  0  0  0
 4  0 932096 3857300 114716 5068640    0    0     2     6 4663 3815 77  3 19  0  0  0
 6  0 932096 3856924 114716 5068640    0    0     0     6 4776 4035 78  3 19  0  0  0
 3  0 932096 3851096 114724 5072756    0    0     0    44 4599 3517 78  2 20  0  0  0
 3  0 932096 3852792 114732 5072740    0    0     0    24 4246 2118 76  3 21  0  0  0
 3  0 932096 3851764 114748 5072740    0    0     0    34 4264 2059 77  2 21  0  0  0
procs -----------memory---------- ---swap-- -----io---- -system-- -------cpu-------
 r  b   swpd   free   buff  cache   si   so    bi    bo   in   cs us sy id wa st gu
 3  0 932096 3850052 114756 5072748    0    0     0    32 4347 2110 76  3 21  0  0  0
 3  1 932096 3847552 114756 5072752    0    0     0     8 4331 2100 76  2 21  0  0  0
 3  0 932096 3849620 114772 5072812    0    0    32   790 4347 2141 76  2 22  0  0  0
 4  0 932096 3848116 114904 5072860    0    0    66     8 4270 1866 77  2 22  0  0  0
 3  0 932096 3845540 114916 5072876    0    0     2    72 5316 3965 78  5 16  0  0  0
 3  0 932096 3844728 114932 5072852    0    0     0    38 5660 4540 79  4 16  0  0  0
 3  0 932096 3845412 114936 5072884    0    0     2    14 5388 3956 78  4 17  0  0  0
 6  0 932096 3845888 114936 5072900    0    0     0     0 5926 5258 78  6 16  0  0  0
 4  0 932096 3845444 114956 5068828    0    0     2   202 5064 4489 78  4 17  0  0  0
 3  0 932096 3846064 114972 5068824    0    0     0    46 4284 1968 76  2 23  0  0  0
 3  0 932096 3844072 114976 5068832    0    0     2   126 4748 3123 77  3 20  0  0  0
 3  0 932096 3849496 114976 5068804    0    0     0     2 5828 4831 77  6 17  0  0  0
 3  0 932096 3847988 115112 5068864    0    0    64    64 4860 3121 77  3 20  0  0  0
 5  0 932096 3849260 115112 5068864    0    0     0     0 4367 2453 76  3 21  0  0  0
 6  0 932096 3849868 115112 5068868    0    0     0     4 4261 2400 75  2 23  0  0  0
 4  1 932096 3849548 115120 5068908    0    0     0    40 4294 2490 76  3 21  0  0  0
 3  0 932096 3850900 115132 5068932    0    0     2    18 4531 3696 77  3 19  0  0  0
 3  0 932096 3853748 115148 5068928    0    0     0    76 4090 1859 77  3 20  0  0  0
 3  0 932096 3853064 115148 5068928    0    0     0    20 4243 1952 77  2 21  0  0  0
 3  0 932096 3853904 115156 5068940    0    0     0    78 4416 2401 77  3 20  0  0  0
 3  0 932096 3851348 115172 5068936    0    0     0   164 4347 2257 76  3 21  0  0  0
procs -----------memory---------- ---swap-- -----io---- -system-- -------cpu-------
 r  b   swpd   free   buff  cache   si   so    bi    bo   in   cs us sy id wa st gu
 3  0 932096 3853372 115176 5068952    0    0     2     0 4315 2104 77  2 21  0  0  0
 3  0 932096 3852212 115176 5068952   16    0    16     4 4102 2201 75  3 22  0  0  0
 3  0 932096 3851428 115192 5068964    0    0     0    62 4190 2114 76  3 21  0  0  0
 3  0 932096 3849252 115208 5068960    0    0     0    36 4032 1969 76  2 22  0  0  0
 3  0 932096 3849868 115208 5068960    0    0     0     4 4123 1845 77  3 21  0  0  0
 3  0 932096 3849072 115208 5068960    0    0     0     2 4151 2202 75  2 22  0  0  0
 3  0 932096 3847444 115216 5068968    0    0     0   162 5840 4962 78  7 15  0  0  0
 3  0 932096 3845080 115356 5069008    0    0    66    62 5820 5903 78  6 16  0  0  0
 3  0 932096 3847508 115372 5069000    0    0     0    30 4687 3687 77  3 20  0  0  0
 3  0 932096 3851528 115380 5069020    0    0     0    38 4159 2298 75  2 23  0  0  0
 4  0 932096 3851984 115396 5069020    0    0     0    30 4411 2695 76  2 22  0  0  0
 3  0 932096 3850808 115396 5069028    0    0     0     0 4661 2881 78  3 19  0  0  0
 4  0 932096 3850092 115396 5069072    0    0     0     8 5782 5032 77  5 18  0  0  0
 3  0 932096 3848496 115404 5069084    0    0     0    42 6380 6269 77  5 17  0  0  0
 3  0 932096 3849704 115420 5069088    0    0     0   120 6050 5722 76  5 19  0  0  0
 3  0 932096 3851192 115420 5069096    0    0     0    20 5958 5303 77  6 18  0  0  0
 3  0 932096 3850572 115420 5069100    0    0     0     0 4433 2548 75  2 23  0  0  0
 3  0 932096 3849524 115436 5069112    0    0     0    68 4368 2465 75  3 22  0  0  0
 3  0 932096 3849340 115452 5069112    0    0     0    42 4424 2474 76  2 22  0  0  0
 3  0 932096 3848184 115452 5069120    0    0     0     0 4803 3047 76  3 20  0  0  0
 3  0 932096 3848460 115452 5069128    0    0     0     0 4810 3154 76  3 21  0  0  0
procs -----------memory---------- ---swap-- -----io---- -system-- -------cpu-------
 r  b   swpd   free   buff  cache   si   so    bi    bo   in   cs us sy id wa st gu
 3  0 932096 3847756 115460 5069136    0    0     0    24 4633 2831 76  3 21  0  0  0
 3  0 932096 3850700 115468 5069136    0    0     0   230 4354 2457 76  2 22  0  0  0
 5  0 932096 3846644 115468 5069224    4    0   133     0 4969 4070 77  5 18  0  0  0
 3  0 932096 3850360 115468 5069228    0    0     0     0 5242 4545 78  5 18  0  0  0
 3  0 932096 3849708 115484 5069236    0    0     0    42 5634 4841 79  5 16  0  0  0
 3  0 932096 3848736 115500 5069228    0    0     0    30 4513 2684 77  4 19  0  0  0
 3  0 932096 3848200 115500 5069236    0    0     0     0 4391 2363 76  3 21  0  0  0
 3  0 932096 3847292 115508 5069252    0    0     0    24 4144 2071 76  2 22  0  0  0
 3  0 932096 3846092 115524 5069248    0    0     0    40 3985 1754 75  1 23  0  0  0
 3  0 932096 3846772 115524 5069248    0    0     0    10 4102 1691 76  2 22  0  0  0
 3  0 932096 3847644 115532 5069248    0    0     0    92 4376 2253 76  3 20  0  0  0
 3  0 932096 3847548 115540 5069232    0    0     0    82 4156 1905 76  1 22  0  0  0
 3  0 932096 3846552 115556 5069232    0    0     0    38 4167 2027 77  2 21  0  0  0
 3  0 932096 3847544 115556 5069232    0    0     0     8 4004 1714 75  1 23  0  0  0
 4  0 932096 3843612 115556 5069240    0    0     0     2 4046 1860 75  2 23  0  0  0
 6  0 932096 3845364 115564 5069244    0    0     0    32 4021 1882 75  2 23  0  0  0
 3  0 932096 3846624 115572 5069256    0    0     0    22 3949 1770 76  2 23  0  0  0
 3  0 932096 3844668 115588 5069332    0    0     0    46 4593 3544 77  3 20  0  0  0
 5  0 932096 3847648 115596 5069332    0    0     0    24 6396 6708 78  6 17  0  0  0
 7  0 932096 3849400 115612 5069336    0    0     0    30 5879 5040 77  7 16  0  0  0
 3  0 932096 3848828 115628 5069352    0    0     0   186 5482 4269 77  5 18  0  0  0
procs -----------memory---------- ---swap-- -----io---- -system-- -------cpu-------
 r  b   swpd   free   buff  cache   si   so    bi    bo   in   cs us sy id wa st gu
 3  0 932096 3849980 115628 5069384    0    0     0     0 4179 2151 76  2 22  0  0  0
 3  0 932096 3849600 115636 5069404    0    0     0    24 4270 2269 76  2 22  0  0  0
 3  0 932096 3849064 115652 5069392    0    0     0    32 4166 2069 76  2 22  0  0  0
 3  0 932096 3849748 115652 5069392    0    0     0    20 4283 2176 76  3 22  0  0  0
 3  0 932096 3848996 115652 5069396    0    0     0    10 4177 1940 76  2 22  0  0  0
 3  0 932096 3845172 115668 5070428    0    0     0    46 5329 5633 79  4 16  0  0  0
 3  0 932096 3851040 115684 5069396    0    0     0   194 4630 3259 77  2 20  0  0  0
 3  0 932096 3846052 115684 5069400    0    0     0     4 4441 2542 76  3 21  0  0  0
 3  0 932096 3848672 115684 5069364    0    0     0     0 3958 1651 75  2 23  0  0  0
 3  0 932096 3844168 115692 5069412    0    0     0    24 4255 2208 76  3 21  0  0  0
 3  0 932096 3843480 115692 5069420    0    0     0     0 4335 2423 76  2 22  0  0  0
 3  0 932096 3845488 115692 5069420    0    0     0     4 4086 1797 76  2 23  0  0  0
 4  0 932096 3846092 115700 5069424    0    0     0    92 4148 1962 76  2 23  0  0  0
 3  0 932096 3844068 115708 5069416    0    0     0    22 4178 2302 77  2 21  0  0  0
 8  0 932096 3845688 115724 5069472    0    0     0    30 6117 6687 81  6 13  0  0  0
 3  0 932096 3843832 115724 5069468    0    0     0     0 5981 6332 78  6 16  0  0  0
 3  0 932096 3842556 115732 5069488    0    0     0    20 4800 3249 77  3 21  0  0  0
 5  0 932096 3842160 115748 5070468    0    0     0    36 4249 2178 76  2 23  0  0  0
 4  0 932096 3848816 115748 5070448    0    0     0     0 4489 2571 76  3 21  0  0  0
 5  0 932096 3847060 115756 5070440    0    0     0   168 4152 1999 76  2 23  0  0  0
 3  0 932096 3847096 115764 5070456    0    0     0    24 4164 2056 76  1 23  0  0  0
procs -----------memory---------- ---swap-- -----io---- -system-- -------cpu-------
 r  b   swpd   free   buff  cache   si   so    bi    bo   in   cs us sy id wa st gu
 3  0 932096 3854180 115780 5070452    0    0     0    44 5315 4113 78  4 18  0  0  0
 3  0 932096 3855228 115780 5070460    0    0     0     0 6256 5868 77  5 17  0  0  0
 3  0 932096 3853148 115780 5070452    0    0     0     6 7217 7280 79  9 12  0  0  0
 4  0 932096 3852672 115788 5070460    0    0     0   186 7572 8055 80  9 10  0  0  0
 3  0 932096 3860040 115796 5070480    0    0     0    58 7016 6734 82  8 10  0  0  0
 3  0 932096 3857432 115812 5070480    0    0     0    44 6024 5357 78  7 15  0  0  0
 3  0 932096 3857748 115820 5070476   16    0    16    28 5754 4881 78  5 17  0  0  0
 3  0 932096 3855836 115836 5070480    0    0     0    30 5943 5311 78  6 17  0  0  0
 3  0 932096 3855916 115836 5070504    0    0     0     0 4679 3143 76  2 22  0  0  0
 3  0 932096 3856456 115836 5070552    0    0     0     0 4804 3255 77  3 20  0  0  0
 3  0 932096 3854456 115844 5070564    0    0     0    36 4662 3100 77  2 21  0  0  0
 3  0 932096 3856012 115860 5070552    0    0     0    58 4537 2890 76  2 22  0  0  0
 3  0 932096 3853904 115860 5070556    0    0     0     0 4611 2757 76  3 21  0  0  0
 3  0 932096 3854928 115860 5070564    0    0     0     0 4840 3198 76  3 21  0  0  0
 3  0 932096 3852256 115876 5070616    0    0     0    40 5192 4547 78  2 20  0  0  0
 3  0 932096 3854940 115892 5070612    0    0     0   136 5167 4458 78  3 19  0  0  0
 3  0 932096 3853952 115892 5070612    0    0     0    10 4304 2284 76  2 22  0  0  0
 3  0 932096 3854784 115892 5069552    0    0     0     0 4379 2295 76  2 22  0  0  0
 8  0 932096 3853744 115900 5069584    0    0     0    32 4490 2608 77  3 20  0  0  0
 3  0 932096 3854180 115900 5069592    0    0     0     0 4908 4418 78  3 19  0  0  0
 4  0 932096 3855792 115900 5069600    0    0     0     0 4215 2063 76  2 23  0  0  0
procs -----------memory---------- ---swap-- -----io---- -system-- -------cpu-------
 r  b   swpd   free   buff  cache   si   so    bi    bo   in   cs us sy id wa st gu
 3  0 932096 3856508 115908 5069612    0    0     0    96 4511 2662 76  2 22  0  0  0
 3  0 932096 3856504 115916 5069624    0    0     0    18 4339 2344 76  3 21  0  0  0
 3  0 932096 3857240 115932 5069580    0    0     0    40 4650 2659 78  4 18  0  0  0
 9  0 932096 3856808 115932 5069620    0    0     0     0 4356 2243 77  3 20  0  0  0
 3  0 932096 3857416 115940 5069644    0    0     0    40 4837 4498 79  4 17  0  0  0
 3  0 932096 3858920 115956 5069640    0    0     0    32 4141 1938 76  2 22  0  0  0
 3  0 932096 3858840 115956 5069652    0    0     0     0 4521 2568 77  3 20  0  0  0
 3  0 932096 3857940 115956 5069660    0    0     0     0 4348 2192 76  2 22  0  0  0
 3  0 932096 3856796 115972 5069676    0    0     0    34 4144 1937 77  2 21  0  0  0
 4  0 932096 3859184 115988 5069672    0    0     0    48 4017 1921 75  2 23  0  0  0
 5  0 932096 3861288 115988 5069676    0    0     0    10 4333 2420 76  2 22  0  0  0
 3  0 932096 3859268 115988 5069684    0    0     0     0 4458 3317 77  3 20  0  0  0
 3  0 932096 3860312 115996 5069684    0    0     0    24 4494 3107 77  3 20  0  0  0
 3  0 932096 3858708 116004 5069668    0    0     0    18 4172 2320 76  2 22  0  0  0
 3  0 932096 3857720 116020 5069664    0    0     0    42 4136 2061 76  2 22  0  0  0
 4  0 932096 3855796 116028 5069676    0    0     0    24 4133 1981 78  2 20  0  0  0
 5  0 932096 3857332 116044 5069676    0    0     0    30 4268 2255 76  2 22  0  0  0
 3  0 932096 3858068 116044 5069784    0    0    52     0 4459 2436 76  3 21  0  0  0
 3  0 932096 3856080 116044 5069820    0    0     0    32 4083 2022 75  2 23  0  0  0
 5  0 932096 3856648 116052 5069840    0    0     0    30 4459 2699 76  2 22  0  0  0
 4  0 932096 3854648 116068 5069836    0    0     0    50 4557 2769 75  3 22  0  0  0
procs -----------memory---------- ---swap-- -----io---- -system-- -------cpu-------
 r  b   swpd   free   buff  cache   si   so    bi    bo   in   cs us sy id wa st gu
 3  0 932096 3852104 116068 5069876    0    0     0     0 4995 4382 77  4 19  0  0  0
 3  0 932096 3851996 116076 5069872    0    0     0    26 4718 3202 76  3 20  0  0  0
 3  0 932096 4039196 116084 5069896    0    0     0    58 4883 3393 79  3 18  0  0  0
 4  0 932096 4037492 116100 5069904    0    0     0   124 4329 2363 76  2 21  0  0  0
 3  0 932096 4037960 116100 5069912    0    0     0     2 4519 2611 76  3 21  0  0  0
 3  0 932096 4041060 116100 5069916    0    0     0     6 4724 3206 76  3 21  0  0  0
 3  0 932096 4031304 116108 5069964    0    0     0    24 3992 1962 75  2 23  0  0  0
 3  0 932096 4034620 116108 5069968    0    0     0     0 4311 2293 76  3 22  0  0  0
 3  0 932096 4033080 116108 5069976    0    0     0    14 4197 2199 75  2 23  0  0  0
 3  0 932096 4039420 116116 5069976    0    0     0   100 3896 1754 75  2 23  0  0  0
12  0 932096 4042616 116124 5071004    0    0     0    24 4672 4295 78  3 18  0  0  0
 3  0 932096 4041172 116144 5071024    0    0     2   292 4320 2725 78  4 19  0  0  0
 3  0 932096 4040980 116144 5071024    0    0     0     0 3870 1692 76  1 23  0  0  0
 3  0 932096 4038724 116152 5071040    0    0     0    52 4068 2003 76  2 22  0  0  0
 5  0 932096 4043096 116168 5069968    0    0     0    82 4383 3257 76  3 21  0  0  0
 5  0 932096 4044356 116168 5069980    0    0     0     0 4568 3565 77  3 20  0  0  0
 3  0 932096 4042092 116168 5069944    0    0     0    76 4185 2024 76  2 22  0  0  0
 3  0 932096 4043752 116184 5069952    0    0     0    40 4271 2311 75  3 22  0  0  0
 3  0 932096 4040908 116200 5069948    0    0     0    36 4439 2589 76  2 22  0  0  0
 3  0 932096 4041604 116200 5069952    0    0     0     0 4139 1988 76  2 23  0  0  0
 4  0 932096 4042500 116200 5069956    0    0     0    70 4092 1911 76  2 22  0  0  0
procs -----------memory---------- ---swap-- -----io---- -system-- -------cpu-------
 r  b   swpd   free   buff  cache   si   so    bi    bo   in   cs us sy id wa st gu
 4  0 932096 4043000 116208 5069956    0    0     0    22 6428 6165 79  6 15  0  0  0
 3  0 932096 4042708 116216 5069980    0    0     0    46 5647 4825 77  5 18  0  0  0
 5  0 932096 4042844 116232 5069972    0    0     0    44 5563 4542 77  7 17  0  0  0
 3  0 932096 4018356 117136 5070096    0    0   506   154 5178 7307 83 11  6  0  0  0
11  0 932096 4024468 117156 5070176    0    0     0   104 5004 4479 78  3 18  0  0  0
 3  0 932096 4023664 117156 5070184    0    0     0    10 4640 3205 76  3 20  0  0  0
 3  0 932096 4024012 117156 5070212    0    0     0     0 4383 3048 77  3 20  0  0  0
 3  0 932096 4022744 117164 5070240    0    0     0    40 4536 3311 77  2 20  0  0  0
 3  0 932096 4023672 117180 5070196    0    0     0   194 4436 2347 77  2 21  0  0  0
 3  0 932096 4026624 117180 5070196    0    0     0     0 4295 2181 76  2 22  0  0  0
 3  0 932096 4027620 117188 5070188    0    0     0    48 4107 1835 76  2 23  0  0  0
 4  0 932096 4029732 117332 5070208    0    0    70    20 4680 3112 77  4 19  0  0  0
 3  0 932096 4034628 117352 5070200    0    0     0    76 4062 1973 78  2 20  0  0  0
 3  0 932096 4032456 117352 5070240    0    0     0     0 4486 3156 77  3 20  0  0  0
 3  0 932096 4034192 117352 5070252    0    0     0     0 4802 4267 80  3 17  0  0  0
 3  0 932096 4032748 117360 5070256    0    0     0    22 4803 3465 79  3 18  0  0  0
 3  0 932096 4038976 117360 5070268    0    0     0   286 4531 2621 76  3 21  0  0  0
 3  0 932096 4037244 117360 5070264    0    0     0     0 5775 6398 79  5 16  0  0  0
 3  0 932096 4038692 117368 5070264    0    0     0    36 6082 5413 78  5 18  0  0  0
 4  0 932096 4039032 117376 5070288    0    0     0    24 4315 2305 76  3 21  0  0  0
 3  0 932096 4041004 117392 5070280    0    0     0    66 4404 2467 77  4 19  0  0  0
procs -----------memory---------- ---swap-- -----io---- -system-- -------cpu-------
 r  b   swpd   free   buff  cache   si   so    bi    bo   in   cs us sy id wa st gu
 3  0 932096 4038836 117392 5070284    0    0     0     8 4515 2446 76  2 22  0  0  0
 3  0 932096 4038204 117400 5070304    0    0     0    66 4537 3794 78  3 19  0  0  0
 3  0 932096 4038724 117416 5070300    0    0     0    32 4477 2896 76  3 20  0  0  0
 3  0 932096 4038676 117416 5070296    0    0     0     0 4380 2889 77  2 20  0  0  0
10  1 932096 4035468 117416 5071324   16    0    16    12 4907 4570 79  5 17  0  0  0
 3  0 932096 4036108 117432 5070312    0    0     0    38 4971 4609 78  3 18  0  0  0
 3  0 932096 4037444 117448 5070308    0    0     0   154 4421 3232 77  2 21  0  0  0
 4  0 932096 4036276 117448 5070276    0    0     0     0 4278 2309 76  3 21  0  0  0
 3  0 932096 4036492 117448 5070280    0    0     0     0 3892 1660 75  1 23  0  0  0
 3  0 932096 4037484 117456 5070408    0    0     0    20 4309 2336 76  3 21  0  0  0
 3  0 932096 4035980 117464 5070464    0    0     0    26 4670 2957 76  3 21  0  0  0
 3  0 932096 4036984 117484 5070464    0    0     4    32 4351 2478 76  3 22  0  0  0
 3  0 932096 4036044 117492 5070456   14    0    14    26 4208 2015 76  2 23  0  0  0
 3  0 932096 4035972 117508 5070456    0    0     0   242 4381 2171 76  2 21  0  0  0
 3  0 932096 4037172 117508 5070476    0    0     0     4 5282 4027 78  4 18  0  0  0
 3  0 932096 4037196 117508 5070512    0    0     0     0 6080 5479 79  6 15  0  0  0
 3  0 932096 4034520 117516 5070528    0    0     0    40 4673 2940 77  4 19  0  0  0
 3  0 932096 4035836 117532 5070516    0    0     0    32 4516 2791 76  2 22  0  0  0
 4  0 932096 4038896 117532 5070524    0    0     0     0 4355 2477 75  2 22  0  0  0
 8  0 932096 4036400 117532 5070524    0    0     0     0 3912 1813 75  2 23  0  0  0
 4  0 932096 4041280 117548 5070564    0    0     0    30 4634 3373 77  4 19  0  0  0
procs -----------memory---------- ---swap-- -----io---- -system-- -------cpu-------
 r  b   swpd   free   buff  cache   si   so    bi    bo   in   cs us sy id wa st gu
 3  1 932096 4039140 117564 5070568    0    0     4    50 5195 4997 79  3 18  0  0  0
 3  0 932096 4040632 117564 5070580    0    0     0    10 5569 5174 77  6 18  0  0  0
 3  0 932096 4041400 117564 5070580    0    0     0     0 4448 2377 76  2 22  0  0  0
 4  0 932096 4037724 117572 5070592    0    0     0    70 5202 4188 81  7 12  0  0  0
 7  0 932096 4048804 117572 5070604    0    0     0     0 4753 3637 77  3 19  0  0  0
 5  0 932096 4049248 117572 5070608    0    0     0     0 4165 2134 76  2 23  0  0  0
 7  0 932096 4040344 117580 5075148    0    0   111    20 4298 2842 76  2 21  0  0  0
 3  0 932096 4042196 117588 5071064    0    0     0    20 4957 4316 78  4 18  0  0  0
 4  0 932096 4047920 117604 5071060    0    0     0   194 4317 2362 77  3 20  0  0  0
 3  0 932096 4047596 117604 5071072    0    0     0    26 4082 2000 75  2 23  0  0  0
 3  0 932096 4047716 117612 5071088    0    0     0    50 4503 2776 77  3 21  0  0  0
 3  0 932096 4048000 117628 5071080    0    0     0    32 4248 2263 76  2 22  0  0  0
 4  0 932096 4045796 117628 5071084    0    0     0     0 4171 1843 76  2 22  0  0  0
 3  0 932096 4045472 117636 5071048    0    0     0    34 4507 2637 77  2 21  0  0  0
 3  0 932096 4044884 117644 5071064    0    0     0    14 4638 3249 76  3 21  0  0  0
 4  0 932096 4045348 117668 5071068    0    0     0    64 5592 5897 78  5 17  0  0  0
 3  0 932096 4042216 117668 5071172    0    0     0     0 4742 3286 76  2 22  0  0  0
 3  0 932096 4046936 117668 5071068    0    0     0     0 4261 2368 75  2 23  0  0  0
 3  0 932096 4047504 117676 5071072    0    0     0    24 4425 2714 75  2 22  0  0  0
 3  0 932096 4047280 117684 5071080    0    0     0    40 4818 3250 76  3 21  0  0  0
 3  0 932096 4045740 117700 5071084    0    0     0    68 4725 2832 76  3 21  0  0  0
procs -----------memory---------- ---swap-- -----io---- -system-- -------cpu-------
 r  b   swpd   free   buff  cache   si   so    bi    bo   in   cs us sy id wa st gu
 4  0 932096 4044388 117708 5071096    0    0     0    74 4992 4888 78  4 17  0  0  0
 3  0 932096 4045208 117724 5071064    0    0     0    30 4431 2676 75  3 22  0  0  0
 3  0 932096 4047212 117732 5071072    0    0     0    72 4959 3491 76  3 21  0  0  0
 3  0 932096 4045116 117732 5071108    0    0     0     0 4857 3272 76  4 20  0  0  0
 3  0 932096 4044708 117740 5071132    0    0     0    34 4218 2094 76  2 22  0  0  0
 3  0 932096 4045920 117756 5071128    0    0     0   258 4265 2068 76  2 22  0  0  0
 3  0 932096 4042852 117756 5071204    0    0     0     0 5629 5239 78  6 16  0  0  0
 5  0 932096 4041720 117756 5075328    0    0     0     0 6330 6725 78  6 16  0  0  0
 3  0 932096 4041740 117772 5075344    0    0     0    42 4781 3095 76  2 22  0  0  0
 3  0 932096 4040232 117788 5075352    0    0     0    40 4353 2366 77  2 22  0  0  0
 3  0 932096 4013632 117908 5076544    6    0   648     0 4649 2811 78  4 17  0  0  0
 4  0 931840 3932960 118188 5080776  466    0  1780  1022 5422 3267 83  4 13  0  0  0
 3  0 931840 3873432 118616 5093192   24    0   278  7328 5255 3137 95  4  0  1  0  0
 3  0 931840 3871680 118616 5093192    0    0     0     0 4125 1970 76  1 23  0  0  0
 3  0 931840 3871628 118616 5093376    0    0    83     2 4989 3563 77  4 19  0  0  0
 3  0 931840 3872628 118624 5093380    0    0     0    26 4636 2833 77  4 20  0  0  0
 3  0 931840 3871208 118632 5093372    0    0     0    14 4250 2187 76  2 21  0  0  0
 3  0 931840 4008968 118648 5093380   20    0    20    32 4340 2430 77  3 20  0  0  0
 3  0 931840 4010308 118648 5093388    0    0     0    22 4148 2061 76  2 22  0  0  0
 3  0 931840 4009004 118656 5093412    0    0     0    36 4297 2229 77  2 21  0  0  0
 7  0 931840 4010280 118672 5093408    0    0     0    38 4301 2071 76  2 22  0  0  0
procs -----------memory---------- ---swap-- -----io---- -system-- -------cpu-------
 r  b   swpd   free   buff  cache   si   so    bi    bo   in   cs us sy id wa st gu
 3  0 931840 4009916 118672 5093424    0    0     0    10 5175 3556 78  5 17  0  0  0
 3  0 931840 4007684 118680 5093432    0    0     0    26 6385 5823 78  6 16  0  0  0
 3  0 931840 4007644 118688 5093456    0    0     0   112 5026 3256 79  4 17  0  0  0
 7  0 931840 4014892 118704 5088564    0    0     0    32 4523 2589 76  2 22  0  0  0
 3  0 931840 4017028 118704 5090420    0    0     0   204 4971 4487 78  4 18  0  0  0
 3  0 931840 4018708 118704 5090428    0    0     0     2 4288 2207 76  2 23  0  0  0
 3  0 931840 4018644 118712 5090452    0    0     0    22 4504 2530 77  2 21  0  0  0
 3  0 931840 4018412 118720 5090444    0    0     0    18 4525 2665 77  2 21  0  0  0
 3  0 931840 4018920 118736 5090448    0    0     0    32 4288 2007 76  2 22  0  0  0
 4  0 931840 4018072 118744 5090464    0    0     0    26 4108 2185 75  2 23  0  0  0
 4  0 931840 4010156 118760 5093564    0    0     0    30 4953 4620 79  4 17  0  0  0
 3  0 931840 4011216 118760 5093572    0    0     0     4 4496 2626 76  2 22  0  0  0
 3  0 931840 4009108 118760 5093620    0    0     0     0 5134 3963 77  4 19  0  0  0
 4  0 931840 4014212 118768 5093640    0    0     0   110 5760 4856 77  4 19  0  0  0
 3  0 931840 4015860 118784 5089524    0    0     0    44 5612 5722 78  5 17  0  0  0
 3  0 931840 4014404 118784 5089528    0    0     0     6 4562 3053 76  3 22  0  0  0
 3  0 931840 4013644 118792 5089536    0    0     0    32 4464 3247 76  2 22  0  0  0
 3  0 931840 4013140 118800 5089548    0    0     0    14 4370 3092 77  3 20  0  0  0
 3  1 931840 4014780 118816 5089548   16    0    16    52 3960 1773 76  1 23  0  0  0
 3  0 931840 4015632 118816 5089548    0    0     0     0 4026 1919 75  2 23  0  0  0
 3  0 931840 4015208 118816 5089552    0    0     0    46 4273 2361 75  2 23  0  0  0
procs -----------memory---------- ---swap-- -----io---- -system-- -------cpu-------
 r  b   swpd   free   buff  cache   si   so    bi    bo   in   cs us sy id wa st gu
 3  0 931840 4009460 118824 5089604    0    0     0    18 4618 2957 77  3 21  0  0  0
 3  0 931840 4011128 118824 5089612    0    0     0     0 4836 4266 78  4 19  0  0  0
 3  0 931840 4016616 118824 5089628    0    0     0     0 4815 3089 77  4 19  0  0  0
 3  0 931840 4017236 118848 5089644    0    0     0    42 4792 3804 77  3 20  0  0  0
 5  0 931840 4016152 118864 5088964    0    0     0    30 4779 3730 78  3 18  0  0  0
 6  1 931840 4014428 118864 5089700    0    0     0     0 4926 4224 78  5 18  0  0  0
 3  0 931840 4016144 118864 5089628    0    0     0    26 4617 3246 77  3 20  0  0  0
 3  0 931840 4012892 118872 5089704    0    0     0    32 5016 4731 79  3 18  0  0  0
 3  0 931840 4013700 118888 5089700    0    0     0    60 4600 2857 76  4 20  0  0  0
 3  0 931840 4011592 118888 5089704    0    0     0     2 5021 3482 77  3 20  0  0  0
 3  0 931840 4012836 118896 5089708    0    0     0   160 4894 3163 77  3 20  0  0  0
 3  0 931840 4013384 118904 5089728    0    0     0    20 4335 2202 76  2 22  0  0  0
 4  0 931840 4012384 118920 5089724    0    0     0    36 5297 5212 79  5 16  0  0  0
 5  0 931840 4013828 118920 5090760    0    0     0     0 5053 4241 77  4 19  0  0  0
 3  0 931840 4015020 118928 5090764    0    0     0    90 4970 3912 77  4 19  0  0  0
 3  0 931840 4014516 118928 5090784    0    0     0    56 4582 2852 76  3 21  0  0  0
 3  0 931840 4007720 118936 5093920    0    0     0    46 4810 4023 78  3 19  0  0  0
 3  0 931840 4013568 118952 5089840    0    0     0    30 4738 3627 77  3 20  0  0  0
 3  0 931840 4013344 118960 5089864    0    0     0    24 4364 2441 76  2 21  0  0  0
 3  0 931840 4012484 118976 5089872    0    0     0    30 4449 2371 76  2 21  0  0  0
 3  0 931840 4011440 118976 5089892    0    0     0     0 4397 2353 76  2 22  0  0  0
procs -----------memory---------- ---swap-- -----io---- -system-- -------cpu-------
 r  b   swpd   free   buff  cache   si   so    bi    bo   in   cs us sy id wa st gu
 3  0 931840 4010500 118976 5089948    0    0     0     0 4584 2788 76  2 22  0  0  0
 3  0 931840 4011940 118984 5090052    0    0    30    30 5115 4089 77  4 19  0  0  0
 3  0 931840 4013352 119000 5090060    0    0     0    76 5012 3666 77  4 19  0  0  0
 6  0 931840 4012672 119000 5090280    0    0     0   128 4804 3252 76  4 20  0  0  0
 3  0 931840 4013584 119008 5090100    0    0     0    50 4624 3023 76  2 22  0  0  0
 3  0 931840 4013884 119016 5090148    0    0     0    18 4556 2925 76  3 21  0  0  0
 3  0 931840 4014632 119032 5090152    0    0     0    40 4560 2553 77  3 20  0  0  0
 5  0 931840 4012144 119032 5090164    0    0     0     0 4148 2041 76  2 23  0  0  0
 3  0 931840 4013184 119040 5090168    0    0     0    34 4079 1876 76  2 23  0  0  0
 3  0 931840 4013468 119040 5090172    0    0     0     0 4304 2080 76  2 22  0  0  0
 3  0 931840 4014356 119048 5090176    0    0     0    26 4297 2436 76  2 23  0  0  0
 4  0 931840 4014808 119048 5090184    0    0     0     0 4527 2485 79  3 18  0  0  0
 8  0 931840 4014060 119056 5090164    0    0     0    88 4568 2850 78  3 20  0  0  0
 4  0 931840 4015452 119072 5090176    0    0     0    30 4827 3990 78  4 18  0  0  0
 3  0 931840 4014100 119072 5090192    0    0     0     0 4813 3039 78  5 17  0  0  0
 3  0 931840 4014980 119072 5090220    0    0     0    26 4827 3231 77  2 21  0  0  0
 3  0 931840 4015744 119080 5090252    0    0     0    38 5037 5055 78  4 18  0  0  0
 3  0 931840 4014220 119096 5089532    0    0     0    32 4740 3231 76  3 21  0  0  0
 3  0 931840 4011816 119096 5090244    0    0     0     0 5977 6314 80  5 15  0  0  0
 3  0 931840 4013456 119104 5090300    0    0     0    18 5742 5922 80  5 15  0  0  0
 3  0 931840 4012196 119112 5090328    0    0     0    20 4821 3626 76  3 21  0  0  0
procs -----------memory---------- ---swap-- -----io---- -system-- -------cpu-------
 r  b   swpd   free   buff  cache   si   so    bi    bo   in   cs us sy id wa st gu
 4  0 931840 4013504 119128 5090348    0    0     0   114 5725 4966 78  5 17  0  0  0
 3  0 931840 4012316 119128 5090376    0    0     0     0 6254 5744 78  6 15  0  0  0
 3  0 931840 4012672 119136 5090396    0    0     0    28 5309 3983 77  4 19  0  0  0
 3  0 931840 4014656 119136 5090416    0    0     0     0 5634 4807 77  5 18  0  0  0
 3  0 931840 4014172 119144 5090420    0    0     0    18 4912 3478 76  3 21  0  0  0
 3  0 931840 4012928 119160 5090436    0    0     0    30 4849 3457 76  2 22  0  0  0
 4  0 931840 4011944 119168 5090436    0    0     0    20 4944 3839 78  4 18  0  0  0
 3  0 931840 4013896 119184 5090504    0    0     0    30 4648 3787 77  3 20  0  0  0
 5  0 931840 4013944 119184 5090520    0    0     0     0 4720 3006 77  2 21  0  0  0
 6  0 931840 4013432 119184 5090568    0    0     0     0 4524 2748 76  2 22  0  0  0
 3  0 931840 4011148 119192 5090576    0    0     0    82 4775 3895 78  3 19  0  0  0
 3  0 931840 4010836 119208 5090580    0    0     0    38 4798 3978 77  4 19  0  0  0
 4  0 931840 4009556 119208 5090592    0    0     0     0 5450 5262 78  4 18  0  0  0
 3  0 931840 4006324 119216 5091608    0    0     0    22 4708 3421 76  3 21  0  0  0
 4  0 931840 4014100 119224 5090568    0    0     0    18 5350 5537 78  4 17  0  0  0
 4  0 931840 4015496 119240 5090568    0    0     0    36 4735 3024 76  2 22  0  0  0
 3  0 931840 4014756 119240 5090576    0    0     0     4 4650 2933 76  2 22  0  0  0
 3  0 931840 4014260 119240 5090584    0    0     0     0 4356 2286 76  3 21  0  0  0
 4  0 931840 4008344 119248 5090676    0    0     0    26 6810 7651 79  6 15  0  0  0
 3  0 931840 4003144 119248 5094808    0    0     0     0 6486 6945 79  8 13  0  0  0
 3  0 931840 4004376 119256 5090708    0    0     0    18 7086 8749 77  9 14  0  0  0
procs -----------memory---------- ---swap-- -----io---- -system-- -------cpu-------
 r  b   swpd   free   buff  cache   si   so    bi    bo   in   cs us sy id wa st gu
 4  0 931840 4009712 119264 5090724    0    0     0    28 5006 3830 76  3 21  0  0  0
 3  0 931840 4009080 119288 5090736    0    0     0    48 4849 3339 76  4 20  0  0  0
 3  0 931840 4004928 119288 5090704    0    0     0   160 5410 4801 78  5 16  0  0  0
 3  0 931840 4003696 119288 5090764    0    0     0    20 5246 4938 77  4 20  0  0  0
 3  0 931840 4004092 119296 5090788    0    0     0    46 4461 2879 76  2 22  0  0  0
 3  0 931840 4003036 119312 5090784    0    0     0    86 4094 2207 75  2 23  0  0  0
 3  0 931840 4003344 119312 5090800    0    0     0     0 4591 2869 76  3 21  0  0  0
 7  0 931840 4004160 119320 5090804   16    0    16    98 4872 3309 77  4 19  0  0  0
 4  0 931840 4003580 119328 5090824    0    0     0    40 6322 6240 79  5 17  0  0  0
 4  0 931840 4002476 119344 5090832    0    0     0    38 6037 5436 78  7 15  0  0  0
 5  0 931840 4006760 119344 5090840    0    0     0     2 5772 4951 77  5 18  0  0  0
 3  0 931840 4005536 119344 5090852    0    0     0    12 4787 3314 76  3 21  0  0  0
 4  0 931840 4006212 119352 5090868    0    0     0    26 4720 3058 76  2 22  1  0  0
 3  0 931840 4005348 119360 5090860    0    0     0    46 6077 5377 78  6 16  0  0  0
 3  0 931840 4006548 119376 5090872    0    0     0    30 4456 2280 76  2 21  0  0  0
 3  0 931840 4005836 119384 5090884    0    0     0    20 4913 3350 76  3 21  0  0  0
 3  0 931840 4005568 119400 5090876    0    0     0    30 4827 2922 77  4 19  0  0  0
 3  0 931840 4005444 119400 5090888    0    0     0     0 4418 2568 75  2 23  0  0  0
 3  0 931840 4007744 119404 5090944    0    0     2     4 4214 2244 76  2 23  0  0  0
 7  0 931840 4009848 119412 5090964    0    0     0    44 4368 2306 78  2 20  0  0  0
 3  0 931840 4009564 119428 5090968    0    0     0    42 4476 2769 77  3 20  0  0  0
procs -----------memory---------- ---swap-- -----io---- -system-- -------cpu-------
 r  b   swpd   free   buff  cache   si   so    bi    bo   in   cs us sy id wa st gu
 5  0 931840 4008920 119428 5090976    0    0     0     0 4770 2960 77  4 19  0  0  0
 6  0 931840 4009560 119428 5090984    0    0     0     0 6242 5584 78  7 14  0  0  0
10  0 931840 4004816 119444 5091052    0    0     4    46 5860 5323 77  6 17  0  0  0
 3  0 931840 4003008 119460 5091004    0    0     0   178 7477 8548 80 10 10  0  0  0
 3  0 931840 4002352 119460 5091040    0    0     0     0 5810 5745 79  4 17  0  0  0
 4  1 931840 4004416 119460 5091044    0    0     0     4 4783 3564 76  3 21  0  0  0
 3  0 931840 4004512 119468 5091068    0    0     0    98 4515 2639 76  3 21  0  0  0
 3  0 931840 4004956 119468 5091072    0    0     0     0 4731 3144 76  2 22  0  0  0
 3  0 931840 4006644 119476 5091072    0    0     0    28 4880 3160 76  2 22  0  0  0
 3  0 931840 4004088 119484 5091104    0    0     0   104 4561 2794 76  2 21  0  0  0
 3  0 931840 4005336 119500 5091100    0    0     0    30 4809 3154 77  3 20  0  0  0
 3  0 931840 4004168 119500 5091116    0    0     0     0 5497 4823 79  6 15  0  0  0
 4  0 931840 4006100 119500 5091128    0    0     0    24 4952 4123 77  3 20  0  0  0
 3  0 931840 4004528 119508 5091144    0    0     0    28 4614 2652 77  3 20  0  0  0
 3  0 931840 4007320 119524 5091136    0    0     0    40 4510 2668 76  3 21  0  0  0
 3  0 931840 4005232 119524 5091148    0    0     0     0 4340 2537 76  2 23  0  0  0
 4  0 931840 4006696 119532 5091148    0    0     0    96 5086 3572 77  4 19  0  0  0
 3  0 931840 4004384 119540 5091168    0    0     0    18 5110 3603 77  3 20  0  0  0
 3  0 931840 4006192 119564 5091160    0    0     0    54 4701 2791 76  4 19  0  0  0
 3  0 931840 4006060 119564 5091172    0    0     0     4 4504 2784 75  3 22  0  0  0
 7  0 931840 3994468 119564 5094780    0    0     0     0 4679 3325 76  4 21  0  0  0
procs -----------memory---------- ---swap-- -----io---- -system-- -------cpu-------
 r  b   swpd   free   buff  cache   si   so    bi    bo   in   cs us sy id wa st gu
 3  0 931840 3994464 119572 5091220    0    0     0    28 5256 5212 79  4 17  0  0  0
 3  0 931840 3999096 119580 5091268    0    0     0    42 4633 2905 77  3 20  0  0  0
 6  0 931840 4002404 119596 5091260    0    0     0    38 4960 3832 78  3 19  0  0  0
 3  0 931840 3999312 119604 5092284    0    0     0    24 4871 3948 77  5 19  0  0  0
 3  0 931840 4001524 119628 5092324    0    0     0    88 4567 3089 75  3 22  0  0  0
 3  0 931840 4000580 119644 5092360    0    0     0   194 4443 2659 75  2 23  0  0  0
 5  0 931840 4000540 119644 5091384    0    0     0     0 4801 3817 77  3 20  0  0  0
 3  0 931840 4001100 119652 5091428    0    0     0    30 5013 4288 77  4 19  0  0  0
 3  0 931840 3999992 119668 5091440    0    0     0    26 4812 3192 76  3 21  0  0  0
 3  0 931840 3999232 119668 5091460    0    0     0     0 4381 2608 76  2 22  0  0  0
 3  0 931840 4000404 119668 5091480    0    0     0     0 4503 2305 80  2 18  0  0  0
 3  0 931840 3999000 119684 5091504    0    0     0    36 4454 2633 76  2 21  0  0  0
 3  0 931840 3999400 119700 5091500    0    0     0   128 4237 2264 76  2 22  0  0  0
 3  0 931840 3997428 119700 5091512    0    0     0     0 4563 2803 75  3 21  0  0  0
 3  0 931840 3994580 119700 5091516    0    0     0     0 5251 5173 78  4 18  0  0  0
 3  0 931840 4002812 119708 5091572    0    0     0    18 4799 3189 76  2 22  0  0  0
 3  0 931840 4003876 119708 5091584    0    0     0    18 4323 2403 75  2 22  0  0  0
 3  0 931840 4005080 119716 5091588    0    0     0    42 4535 2396 77  3 20  0  0  0
 3  0 931840 4004800 119724 5091664    0    0    26    96 4657 2858 77  2 21  0  0  0
 5  0 931584 4004944 119740 5091680    0    0     0    88 4828 3043 77  3 21  0  0  0
 3  0 931584 4003660 119740 5091720    0    0     8     0 7158 7706 80  8 12  0  0  0
procs -----------memory---------- ---swap-- -----io---- -system-- -------cpu-------
 r  b   swpd   free   buff  cache   si   so    bi    bo   in   cs us sy id wa st gu
 3  0 931584 4011720 119740 5091748    0    0     0    26 4988 4103 78  3 19  0  0  0
 3  0 931584 4010504 119748 5091784    0    0     0    44 4856 3399 76  3 21  0  0  0
 4  0 931584 4010592 119764 5091732    0    0     0    36 6557 7147 79  7 14  0  0  0
 3  0 931584 4011744 119764 5091764    0    0     0     0 5730 5656 77  6 17  0  0  0
 3  0 931584 4012184 119772 5091772   16    0    16    36 4376 2644 75  2 23  0  0  0
 3  0 931584 4010156 119780 5091856    0    0     0    26 6461 6712 78  8 14  0  0  0
 3  0 931584 4009784 119796 5091864    0    0     0    36 6272 6453 80  8 12  0  0  0
 3  0 931584 4009068 119796 5091880    0    0     0     0 5825 4882 77  6 17  0  0  0
 7  0 931584 4008080 119796 5091896    0    0     0     0 5613 4539 77  6 17  0  0  0
 3  0 931584 4008368 119804 5091896    0    0     0    36 4445 2536 76  3 21  0  0  0
 3  0 931584 4006096 119812 5091932    0    0     0    30 5446 5022 77  5 18  0  0  0
 3  0 931584 4008672 119828 5091916    0    0     0    28 5639 5166 80  4 16  0  0  0
 3  0 931584 4012460 119836 5091928    0    0     0    32 5751 4903 77  5 18  0  0  0
 3  0 931584 4013892 119852 5091928    0    0     0    30 5197 3636 77  4 19  0  0  0
 3  0 931584 4013284 119852 5091980    0    0    20    68 4569 2653 76  2 22  0  0  0
 4  0 931584 4013436 119852 5092024    0    0     0     0 4253 2130 76  2 23  0  0  0
 3  0 931584 4011964 119860 5092052    0    0     0    44 6145 5722 78  5 17  0  0  0
 4  0 931584 4010632 119876 5092052    0    0     0   192 6153 5499 78  5 17  0  0  0
 3  0 931584 4011552 119876 5092056    0    0     0     0 4618 2748 77  2 21  0  0  0
 3  0 931584 4010520 119884 5092068    0    0     0    38 5078 4564 79  4 18  0  0  0
 3  0 931584 4013056 119892 5092080    0    0     0    22 4516 2794 76  2 22  0  0  0
procs -----------memory---------- ---swap-- -----io---- -system-- -------cpu-------
 r  b   swpd   free   buff  cache   si   so    bi    bo   in   cs us sy id wa st gu
 3  0 931584 4010512 119908 5092076    0    0     0    34 4666 3018 76  3 21  0  0  0
 3  0 931584 4011304 119908 5092084    0    0     0     0 4469 2681 76  2 22  0  0  0
 3  0 931584 4011244 119908 5092096    0    0     0     0 4627 2979 76  3 22  0  0  0
 3  0 931584 4014396 119916 5092108    0    0     0    18 4804 3237 76  3 21  0  0  0
 3  0 931584 4012196 119916 5092120    0    0     0     0 4844 3872 77  4 19  0  0  0
 4  0 931584 4011100 119924 5092124    0    0     0    20 4720 3521 78  3 20  0  0  0
 3  0 931584 4014304 119932 5092140    0    0     0    20 4318 2281 76  2 22  0  0  0
 3  0 931584 4013764 119948 5092132    0    0     0    38 4293 2430 75  2 22  0  0  0
 3  0 931584 4012024 119948 5092148    0    0     0     0 4239 2108 76  4 20  0  0  0
 3  0 931584 4009268 119948 5093196    0    0     0    10 4739 4189 79  3 18  0  0  0
 3  0 931584 4011176 119956 5093216    0    0     0    28 4391 2530 76  3 21  0  0  0
 3  0 931584 4011936 119972 5093204    0    0     0    32 4454 2491 76  3 21  0  0  0
 4  0 931584 4011984 119972 5093216    0    0     0    38 5867 4986 78  6 17  0  0  0
 3  0 931584 4008644 119972 5093224    0    0     0     0 5665 4461 77  6 17  0  0  0
 3  0 931584 4009792 119988 5093236    0    0     0    36 5085 3437 77  5 19  0  0  0
 4  0 931584 4008752 120004 5092188    0    0     0   114 5899 6196 79  6 15  0  0  0
 5  0 931584 4009704 120004 5092196    0    0     0     0 4533 2514 77  2 20  0  0  0
 3  0 931584 4010104 120004 5092216    0    0     0     0 4675 2943 77  5 19  0  0  0
 8  0 931584 4000264 120012 5096336    0    0     0    26 6262 6675 79  6 15  0  0  0
 3  0 931584 4002908 120020 5096372    0    0     0    18 5346 4468 77  5 18  0  0  0
 6  0 931584 4001824 120036 5092244    0    0     0    42 4731 4046 77  2 20  0  0  0
procs -----------memory---------- ---swap-- -----io---- -system-- -------cpu-------
 r  b   swpd   free   buff  cache   si   so    bi    bo   in   cs us sy id wa st gu
 3  0 931584 4004684 120044 5092244    0    0     0    20 4718 3572 78  4 19  0  0  0
 3  0 931584 4004928 120060 5092264    0    0     0    72 5771 4799 79  7 15  0  0  0
 3  0 931584 4005292 120060 5092272    0    0     0     6 5746 5047 77  6 17  0  0  0
 5  0 931584 4005884 120060 5092328    0    0     0     0 5660 4588 78  5 17  0  0  0
 3  0 931584 4005280 120068 5092304    0    0     0    36 4770 3085 77  3 20  0  0  0
 4  0 931584 4004572 120084 5092340    0    0     0    50 4921 4153 78  3 19  0  0  0
 3  0 931584 4008196 120084 5092336    0    0     0    10 5357 5561 79  3 17  0  0  0
 3  0 931584 4007640 120092 5092316    0    0     0    72 4314 2109 76  2 22  0  0  0
 3  1 931584 4008100 120100 5092324    0    0     0    20 4060 1918 76  1 23  0  0  0
 3  0 931584 4012624 120116 5092320    0    0     0    68 4377 2535 76  3 21  0  0  0
 4  0 931584 4011340 120116 5092364    0    0     0     0 4944 4301 78  3 19  0  0  0
 3  0 931584 4008320 120116 5092376    0    0     0     0 4871 3537 77  3 20  0  0  0
 3  0 931584 4015672 120124 5092432    0    0     0    22 4257 2211 76  2 22  0  0  0
 4  0 931584 4016356 120124 5092436    0    0     0     0 4686 2874 77  3 20  0  0  0
 3  0 931584 4015436 120132 5092440    0    0     0    42 5709 4758 78  6 16  0  0  0
 3  0 931584 4013560 120140 5092460    0    0     0    18 5082 3567 78  5 17  0  0  0
 3  0 931584 4014000 120156 5092468    0    0     0    30 4359 2260 76  2 23  0  0  0
 3  0 931584 4012268 120156 5092476    0    0     0     2 5123 3618 77  6 17  0  0  0
 3  0 931584 4012796 120156 5092500    0    0     0     6 4966 3428 76  3 21  0  0  0
 3  0 931584 4012264 120164 5092528    0    0     0    32 5040 4888 78  4 18  0  0  0
 3  0 931584 4011404 120180 5092532    0    0     0    36 5186 3903 77  3 20  0  0  0
procs -----------memory---------- ---swap-- -----io---- -system-- -------cpu-------
 r  b   swpd   free   buff  cache   si   so    bi    bo   in   cs us sy id wa st gu
 3  0 931584 4012148 120180 5092560    0    0     0     0 5457 4227 78  5 17  0  0  0
 3  0 931584 4008888 120188 5092564   16    0    16    32 4561 2806 76  2 22  0  0  0
 4  0 931584 4010960 120196 5092600    0    0     0    18 5084 3777 77  4 20  0  0  0
 3  0 931584 4010496 120212 5092604    0    0     0   206 6389 5995 78  6 16  0  0  0
 3  0 931584 4010336 120212 5092616    0    0     0     0 4797 2957 77  3 20  0  0  0
 3  0 931584 4005708 120212 5093644    0    0     0     0 5124 5043 78  4 18  0  0  0
 6  0 931584 4004772 120220 5093656    0    0     0    24 5701 4481 79  5 16  0  0  0
10  0 931584 4003952 120228 5093896    0    0   168    40 5153 4032 77  4 19  0  0  0
 3  0 931584 4009004 120244 5093912    0    0     0    44 4579 2728 76  3 21  0  0  0
 3  0 931584 4011332 120252 5093940    0    0     0    26 4515 2829 76  2 22  0  0  0
 3  0 931584 4010684 120268 5093940    0    0     0   120 4927 3255 76  4 20  0  0  0
 3  0 931584 4011328 120268 5093976    0    0     0     8 4639 2771 76  2 22  0  0  0
 4  0 931584 4012356 120268 5092856    0    0     0     2 4798 3263 78  2 20  0  0  0
 4  0 931584 4011896 120276 5093068    0    0     0    50 5333 5260 79  4 17  0  0  0
 3  0 931584 4011344 120292 5093084    0    0     0   100 5803 4977 78  7 15  0  0  0
 3  0 931584 4012452 120292 5093104    0    0     0     0 5085 3711 76  3 20  0  0  0
 3  0 931584 4013132 120300 5093112    0    0     0    30 5414 5540 78  4 17  0  0  0
 3  0 931584 4011960 120308 5093132    0    0     0    84 4981 3446 76  3 21  0  0  0
 3  0 931584 4011824 120324 5093140    0    0     0    36 5222 3892 77  3 20  0  0  0
 3  0 931584 4009344 120324 5093272    0    0     0    10 4554 2851 76  3 21  0  0  0
 3  0 931584 4006708 120336 5093168    0    0     2    80 5191 4912 80  5 15  0  0  0
procs -----------memory---------- ---swap-- -----io---- -system-- -------cpu-------
 r  b   swpd   free   buff  cache   si   so    bi    bo   in   cs us sy id wa st gu
 4  0 931584 4007428 120336 5093176    0    0     0     0 4889 3222 77  3 20  0  0  0
 3  0 931584 4006640 120336 5093184    0    0     0    88 4737 3081 76  3 21  0  0  0
 3  0 931584 4006200 120344 5093200    0    0     0    32 4584 2488 76  2 22  0  0  0
 4  0 931584 4006852 120352 5093220    0    0     0    20 4277 2251 76  2 22  0  0  0
 3  0 931584 4005428 120368 5093216    0    0     0    30 3995 1848 75  1 23  0  0  0
 3  0 931584 4007332 120368 5093216    0    0     0     4 4337 2573 77  4 18  0  0  0
 3  0 931584 4005232 120368 5093224    0    0     0     0 4988 4698 79  4 17  0  0  0
 3  0 931584 4005972 120376 5093240    0    0     0    42 4478 2582 76  3 21  0  0  0
 3  0 931584 4007252 120392 5093248    0    0     0    38 4859 3169 78  4 18  0  0  0
 3  0 931584 4008360 120392 5093260    0    0     0     8 4620 2808 77  3 20  0  0  0
 3  0 931584 4005732 120400 5093272    0    0     0    28 4236 2275 75  2 22  0  0  0
 3  0 931584 4006552 120408 5093300    0    0     0    18 4302 2475 75  2 23  0  0  0
 3  0 931584 4005048 120424 5093312    0    0     0   150 4718 3026 76  3 21  0  0  0
 3  0 931584 4005264 120424 5093324    0    0     0     0 4500 2519 76  3 21  0  0  0
 3  0 931584 4003556 120432 5093328    0    0     0    24 4348 2319 76  2 22  0  0  0
 3  0 931584 4003548 120432 5093340    0    0     0     0 4266 1977 76  3 21  0  0  0
 3  0 931584 4002480 120440 5093328    0    0     0    40 4751 3124 76  3 21  0  0  0
 3  0 931584 4002972 120456 5093328    0    0     0    38 4538 2649 76  3 21  0  0  0
 3  0 931584 4004576 120464 5093356    0    0     0    22 4631 3512 77  3 21  0  0  0
 4  0 931584 4001996 120496 5094000    0    0     4   622 5466 6075 81  5 14  0  0  0
 9  1 931584 3992924 120496 5097560    0    0     0     0 5078 4960 78  4 18  0  0  0
procs -----------memory---------- ---swap-- -----io---- -system-- -------cpu-------
 r  b   swpd   free   buff  cache   si   so    bi    bo   in   cs us sy id wa st gu
 7  0 931584 3994512 120496 5093580    0    0     0     2 7343 9564 80  9 11  0  0  0
 7  0 931584 3994976 120504 5093636    0    0     0    42 7390 9416 80  7 13  0  0  0
 7  0 931584 3997236 120520 5094652    0    0     0    64 5458 5324 78  4 18  0  0  0
 4  0 931584 3997524 120528 5093808    0    0   142    56 5596 6704 81  4 15  0  0  0
10  0 931584 3996388 120528 5093804    0    0     0     0 5114 4597 78  3 19  0  0  0
 3  0 931584 4002448 120536 5093820    0    0     0    24 4206 2376 75  2 23  0  0  0
 3  0 931584 4005256 120552 5092912    0    0     0    46 4359 2442 77  2 21  0  0  0
10  0 931584 4001380 120552 5093504    0    0     0     0 4642 2845 77  3 20  0  0  0
 4  0 931584 3998872 120552 5093756    0    0     0     0 5507 6271 78  5 17  0  0  0
 8  0 931584 3992328 120560 5093212    0    0    68   228 6669 7779 80  8 11  0  0  0
 5  0 931584 3998312 120560 5093824    0    0     0    14 6893 7936 78  7 14  0  0  0
 4  0 931584 3989392 120560 5098520    0    0     0     0 6809 7518 80  8 12  0  0  0
 7  0 931584 3976364 120568 5100164    0    0     0    28 5860 4523 88  5  7  0  0  0
10  0 931584 3819600 120616 5097816   12    0    12  1382 6173 5987 84 12  4  0  0  0
 9  1 931584 3713060 120648 5107748    0    0     2   312 7322 7514 90 10  0  0  0  0
 7  0 931584 3594264 120680 5152196   12    0    94   524 6747 8698 85 15  0  0  0  0
11  0 931584 3507944 120696 5163440    0    0     0  1916 7097 11760 79 21  0  0  0  0
10  0 931584 3343200 120712 5179344    0    0     0    90 6628 10203 89 11  0  0  0  0
14  0 931584 3140368 120844 5194420    0    0   592   526 7238 17417 86 14  0  0  0  0
15  0 931584 3079520 121172 5201296   10    0  4650    96 8119 12734 86 14  0  0  0  0
 7  0 931584 2949244 121332 5220544    0    0   262    80 7851 10719 86 14  0  0  0  0
procs -----------memory---------- ---swap-- -----io---- -system-- -------cpu-------
 r  b   swpd   free   buff  cache   si   so    bi    bo   in   cs us sy id wa st gu
10  0 931584 2860628 121624 5253748    0    0  6488   244 6869 6683 88 12  0  0  0  0
12  0 931584 2747436 122960 5258864    0    0  2028   378 6779 6759 86 14  0  0  0  0
10  0 931584 2599892 123300 5318348    0    0   502  1310 6311 6603 87 13  0  0  0  0
 9  0 931584 2632068 123348 5266628    0    0    12  1268 7356 7050 88 12  0  0  0  0
 6  0 931584 2761508 124128 5256644   24    0  1466   174 7137 8552 87 13  0  0  0  0
11  0 931584 2751588 124516 5266332    0    0   322   182 7356 8762 90 10  0  0  0  0
 5  0 931584 2692016 124808 5289096    0    0   192   112 7165 9229 89 11  0  0  0  0
 6  0 931584 2611748 125024 5281260    0    0   800   412 6299 6624 90 10  0  0  0  0
15  0 931584 2600152 126832 5259012    0    0  2638  1532 7998 10031 83 17  1  0  0  0
 7  0 931584 2523720 130364 5269056    0    0  2576  1024 8192 11448 86 14  0  0  0  0
 8  0 931584 2471692 130720 5283292    0    0  1806  2410 8539 11279 87 13  0  0  0  0
15  0 931584 2406268 130908 5276388    0    0   194   110 8734 11180 86 14  0  0  0  0
13  1 931584 2406852 131108 5290564    0    0   100   266 8101 9616 89 11  0  0  0  0
 5  0 931584 2416512 131136 5290904    0    0    42   502 7088 7996 88  9  3  0  0  0
 9  0 931584 2432028 131344 5297268    0    0   226   250 6819 8462 90  9  1  0  0  0
10  1 931584 2364736 131504 5321776    0    0   302 13398 7540 9776 88 12  0  0  0  0
 5  0 931584 2267108 132056 5306788    0    0  4788  4160 7410 9433 90 10  0  0  0  0
10  0 931584 2178012 132352 5325216    0    0  5174  4500 6338 7178 91  9  0  0  0  0
 5  0 931584 2170944 132860 5321392    0    0  1432  1488 6660 7195 92  8  0  0  0  0
 8  0 931584 2153792 133004 5310292    0    0     4   828 5713 4317 94  5  0  0  0  0
12  0 931584 2182536 133112 5337240    0    0  1612  1650 6903 8053 90 10  0  0  0  0
procs -----------memory---------- ---swap-- -----io---- -system-- -------cpu-------
 r  b   swpd   free   buff  cache   si   so    bi    bo   in   cs us sy id wa st gu
17  0 931584 2129304 133608 5372832    0    0   842  4738 7660 8922 87 13  0  0  0  0
 9  0 931584 2068496 134492 5383188    0    0  1732   312 7216 8791 89 11  0  0  0  0
12  1 931584 1964756 134592 5372264    0    0   266   176 7509 8704 87 13  0  0  0  0
13  0 931584 1914228 135284 5392664    0    0  2770   502 7102 8849 88 12  0  0  0  0
11  0 931584 1775504 136588 5489592    0    0  2604  2876 6990 10162 90 10  0  0  0  0
11  0 931584 1824596 136900 5394004    0    0   428    38 6563 8924 91  9  0  0  0  0
11  0 931584 1754324 136924 5393760    0    0     4   196 6187 7854 92  8  0  0  0  0
13  0 931584 1633988 136968 5400976    0    0    22  4638 6605 8076 91  9  0  0  0  0
13  0 931584 1657556 137160 5385000    0    0   551   406 6012 7080 93  7  0  0  0  0
11  0 931584 1631684 137192 5373936    0    0    84  2824 5843 6340 93  7  0  0  0  0
 9  0 931584 1521784 137388 5419708    0    0   686  1006 6392 7060 92  8  0  0  0  0
10  0 931584 1462248 137620 5428392    0    0   888    10 6111 6285 94  6  0  0  0  0
 7  0 931584 1464744 137800 5424156    0    0   532  1512 6265 5827 93  7  0  0  0  0
 7  0 931584 1510972 137872 5426788    0    0    74   256 5732 4545 95  6  0  0  0  0
12  0 931584 1534228 137928 5392964    0    0   132   330 5827 5749 93  7  0  0  0  0
10  0 931584 1559996 138128 5400752    0    0   456   568 6507 8074 92  8  0  0  0  0
 7  0 931584 1420692 138336 5425828    0    0   726   134 6215 7031 92  8  0  0  0  0
 6  0 931584 1458696 138348 5403172    0    0    20  1438 5719 5205 93  7  0  0  0  0
 8  0 931584 1480484 138388 5403060    0    0     4   720 5875 4418 94  6  0  0  0  0
 6  0 931584 1416124 138420 5441924    0    0  2616   624 6044 6696 93  7  0  0  0  0
23  0 931584 1304636 138640 5498344    0    0  1266   610 6309 7147 92  8  0  0  0  0
procs -----------memory---------- ---swap-- -----io---- -system-- -------cpu-------
 r  b   swpd   free   buff  cache   si   so    bi    bo   in   cs us sy id wa st gu
16  0 931584 1320760 139000 5493540    0    0   308  1754 7160 8616 90 10  0  0  0  0
10  0 931584 1262376 140056 5497728    0    0  1042     0 6336 7445 92  8  0  0  0  0
14  0 931584 1163368 140492 5492040    0    0  4938   726 5854 6776 94  7  0  0  0  0
12  0 931584 1091752 140736 5492596    0    0   798  1054 5935 6117 94  6  0  0  0  0
11  0 931584 1040360 140908 5481016   16    0   580   190 5502 5275 95  5  0  0  0  0
10  0 931584 1014492 141080 5497556    0    0   152   734 6087 6966 92  8  0  0  0  0
11  0 931584 954212 143744 5514496    0    0  2616  1552 6438 7377 92  8  0  0  0  0
 9  0 931584 852328 174184 5534192    0    0 15496   546 6926 8375 90 10  0  0  0  0
17  0 931584 717272 174220 5538892    0    0    52  1374 5621 5771 93  7  0  0  0  0
 9  0 931584 693612 174232 5501448    0    0   126   816 5937 6198 94  7  0  0  0  0
 9  0 931584 731352 174428 5512716    0    0   202  4278 6436 7767 92  8  0  0  0  0
13  0 931584 654836 174544 5528520    0    0   100  4564 5879 6541 94  6  0  0  0  0
14  0 931584 605584 174696 5545100    0    0   586 16862 6069 6931 90  9  0  0  0  0
 9  0 931584 571140 174940 5514292    0    0    96  5724 5751 6561 93  7  0  0  0  0
10  0 931584 500556 175104 5530540    0    0  1704  8350 6600 8020 91  9  0  0  0  0
18  0 931584 405292 175132 5534860    0    0     2  2692 6241 6462 94  6  0  0  0  0
14  0 931584 531436 175160 5506428    0    0   756   348 6267 6748 94  6  0  0  0  0
10  0 931584 640428 175176 5505992    0    0     0   710 6282 6090 95  5  0  0  0  0
 8  0 931584 620212 176464 5545920   16    0  1280   852 6282 7097 93  7  0  0  0  0
 8  0 931584 551800 176508 5570972    0    0   144    64 6531 8219 94  7  0  0  0  0
13  0 931584 405828 176544 5575180    0    0   352   248 6263 8169 92  8  0  0  0  0
procs -----------memory---------- ---swap-- -----io---- -system-- -------cpu-------
 r  b   swpd   free   buff  cache   si   so    bi    bo   in   cs us sy id wa st gu
18  0 931584 415704 176584 5583076    0    0   382  1762 6516 8079 91  9  0  0  0  0
11  0 931584 374212 176644 5562128    0    0    20   392 6114 7055 92  8  0  0  0  0
10  0 931584 448072 176848 5536876    0    0   256   790 6494 7517 93  7  0  0  0  0
14  0 931584 358092 176880 5582480    0    0    66   922 6238 7194 92  8  0  0  0  0
11  0 931584 353688 177184 5539852    0    0   464   370 6020 6856 92  8  0  0  0  0
12  0 931584 293396 177208 5575064    0    0  1076  3058 6228 6279 93  7  0  0  0  0
 9  0 931584 505760 177296 5577180    0    0    82   424 6373 6981 90 11  0  0  0  0
 8  0 931584 607736 177376 5553360    0    0     0   254 5876 5579 94  6  0  0  0  0
10  0 931584 637424 177400 5551216    0    0     4   158 6067 5363 95  5  0  0  0  0
 8  1 931584 620752 177408 5565264    0    0    70  1040 6054 6614 92  8  0  0  0  0
 7  0 931584 592004 177416 5582848    0    0    28  4674 6080 6753 93  7  0  0  0  0
10  0 931584 526188 177548 5574736    0    0  2404    98 6324 7696 92  8  0  0  0  0
 7  0 931584 522160 177628 5587120    0    0   304   518 6518 7077 92  8  0  0  0  0
 5  0 931584 514136 178224 5617704    0    0   784  9238 6558 7109 91  9  0  0  0  0
 8  0 931584 448900 178288 5603664    0    0   462   290 6573 7467 90 10  0  0  0  0
15  0 931584 450632 178328 5635456    0    0   336 13062 6808 7935 91  9  0  0  0  0
11  0 931584 461316 178492 5624768    0    0   956   384 6474 7892 93  7  0  0  0  0
 9  0 931584 490828 178540 5607588    0    0   408  1098 6833 7066 93  7  0  0  0  0
10  0 931584 462344 178696 5598380    0    0  1102   298 7051 9232 91  9  0  0  0  0
12  0 931584 398052 178724 5607060    0    0   522    84 6274 6779 93  7  0  0  0  0
 5  0 931584 401460 178880 5607264    0    0    70 12860 5872 5997 94  6  0  0  0  0
procs -----------memory---------- ---swap-- -----io---- -system-- -------cpu-------
 r  b   swpd   free   buff  cache   si   so    bi    bo   in   cs us sy id wa st gu
10  0 931584 304932 179216 5623352    0    0  2058    70 6296 7748 90 10  0  0  0  0
 6  0 931584 262832 179260 5624940    0    0    92  1788 5957 6536 91  9  0  0  0  0
12  0 931584 203076 178688 5618460    0    0  9698   102 6029 7173 90 10  0  0  0  0
13  0 931584 140216 175148 5581740    0    0   526   226 5795 6016 93  7  0  0  0  0
14  0 932864 187260 174500 5475636    0  646   268  1018 5555 5790 93  7  0  0  0  0
16  0 932864 197612 174580 5464948    0    0   312    44 5829 6795 93  7  0  0  0  0
11  0 932864 156912 174916 5497660    0    0  3154  2266 6117 6854 92  8  0  0  0  0
16  0 935680 218256 172868 5416120    0 1362  3968  1640 6186 6975 93  7  0  0  0  0
 9  0 935680 176084 172956 5420512    0    0   560   128 6404 7495 93  7  0  0  0  0
15  0 937984 168116 173108 5323804    0 1192   952  8434 6197 7924 88 12  0  0  0  0
17  0 939776 223268 172276 5267252    0  884  4122  1212 6724 10167 87 13  0  0  0  0
18  0 942848 199424 168896 5262168    0 1658  6296  2072 6890 8501 89 11  0  0  0  0
11  0 942848 332604 168920 5065240    0    0  1634  1546 6552 7840 91  9  0  0  0  0
12  0 942848 360644 168936 5053144    0    0   192   106 5729 5036 94  6  0  0  0  0
10  0 942848 342832 169488 5019048    0    0   498  1876 5663 5800 94  6  0  0  0  0
 7  1 942848 436184 169624 4972916    0    0   534     4 6067 6036 94  6  0  0  0  0
 7  0 942848 432008 169692 4972188    0    0    20   614 6020 6037 94  6  0  0  0  0
 6  0 942848 437988 169712 4970032    0    0    14   246 5714 4894 95  5  0  0  0  0
11  0 942848 442096 169736 4973740    0    0     8    98 5687 4805 95  5  0  0  0  0
 6  0 942848 455484 169756 4968116    0    0    26   264 5947 5259 95  5  0  0  0  0
13  0 942848 372804 169788 4980212    0    0   170    86 7501 9651 90 10  0  0  0  0
procs -----------memory---------- ---swap-- -----io---- -system-- -------cpu-------
 r  b   swpd   free   buff  cache   si   so    bi    bo   in   cs us sy id wa st gu
 9  0 942848 447600 169944 4976300    0    0    86   120 7461 8861 91  9  0  0  0  0
 8  0 942848 409052 170000 4994912    0    0  6066   976 6696 7444 92  8  0  0  0  0
 6  0 942848 439636 170008 4994020    0    0   414    72 5768 5414 94  5  1  0  0  0
 8  0 942848 500232 170008 4988236    0    0     0   618 5726 5354 90  5  5  0  0  0
 6  0 942848 371408 170120 5022144    0    0   732   466 6509 6716 88 10  2  0  0  0
13  0 942848 225240 170276 5041136    0    0    84  2398 7129 7883 85 15  0  0  0  0
 8  0 942848 181448 170344 5026840    0    0   186  5618 6896 8537 88 12  0  0  0  0
13  0 942848 323572 170600 4935432    0    0   904   430 6430 7381 90 10  0  0  0  0
12  0 942848 368752 170608 4934040    0    0    46  8252 6366 6243 93  7  0  0  0  0
 6  0 942848 352760 170616 4944212    0    0   360     2 5986 6008 93  7  0  0  0  0
 9  0 942848 266120 170732 4957336    0    0  2128   224 6105 6715 92  8  0  0  0  0
12  0 942848 221480 170992 4955064    0    0  1746  3550 5961 6921 92  8  0  0  0  0
 7  0 942848 210136 171116 4969728    0    0   702   258 6287 7982 90 10  0  0  0  0
16  0 942848 212308 171240 4971732   16    0   312    66 5966 6467 93  7  0  0  0  0
 9  0 942848 261112 171268 4966012    0    0    10  1660 5797 5725 93  7  0  0  0  0
 8  0 942848 295244 171292 4967328    0    0   438    76 5875 5633 94  6  0  0  0  0
 6  0 942848 332484 171320 4961664    0    0     2  1766 5847 5664 94  5  1  0  0  0
 5  0 942848 340340 171340 4959744    0    0     4   126 6744 7947 90  8  2  0  0  0
 4  0 942848 340896 171340 4972112    4    0     4    16 6897 8200 88  9  2  0  0  0
 6  0 942592 341904 171764 4981652   16    0  5359  1058 6648 7880 84 15  1  0  0  0
 4  0 942592 333556 171780 4995356    0    0 24149    76 5840 7583 84 15  1  0  0  0
procs -----------memory---------- ---swap-- -----io---- -system-- -------cpu-------
 r  b   swpd   free   buff  cache   si   so    bi    bo   in   cs us sy id wa st gu
 4  0 942592 304492 171828 5012408   36    0 14514  9352 6140 6930 88 12  0  0  0  0
10  2 941568 183744 172332 5072052  462    0 34263   628 6750 10031 84 16  1  0  0  0
11  0 946688 256140 169760 4969924    0 2614 34517  3246 6483 8795 84 16  0  0  0  0
 9  0 946688 187640 169964 4979184    0    0  4757 15666 6288 7322 92  8  0  0  0  0
 9  0 950272 136404 168304 4944924    0 1726  7643  2218 6603 7593 89 10  0  0  0  0
 6  0 959744 178988 161988 4856556    0 4874  7020  7500 7350 10004 87 13  0  0  0  0
14  0 968192 157488 154688 4761992    0 4426  2568  5974 7507 12747 89 11  0  0  0  0
 8  0 972288 180640 152320 4710232    2 2186  1641  3066 7903 11116 88 12  0  0  0  0
12  0 976896 157072 148848 4659800    0 2272  8734  7454 8075 11197 87 13  0  0  0  0
12  0 983552 173020 145460 4618072    0 3364  9647  4148 7306 11353 86 14  0  0  0  0
11  0 987904 139312 131916 4622888    0 2106  1285  2956 6550 8506 89 11  0  0  0  0
 6  0 992256 181688 123016 4525868    0 2200  7946  2874 6904 8648 88 12  0  0  0  0
11  1 1006336 150852 111260 4400044    0 7124   324  7500 6742 9227 87 13  0  0  0  0
11  0 1006336 163120 111636 4448340   12    0 10963   108 6180 8029 91  9  0  0  0  0
13  0 1008384 141408 107068 4407576   10 1036  1840  1426 6481 7903 91  9  0  0  0  0
 7  0 1010688 156656 103496 4381336   56 1120  7579  1358 7152 8517 89 10  0  0  0  0
 4  0 1010688 191048 103548 4385112    6    0   210    32 5997 5799 94  6  0  0  0  0
 5  0 1010688 172244 103548 4385420    0    0  1192   170 6147 6942 93  7  0  0  0  0
13  0 1012224 133976 101004 4341732    0  800  4323  1686 6516 8604 89 11  0  0  0  0
19  1 1020672 147756 101012 4243248    0 4134   146  4168 6577 7541 87 13  0  0  0  0
16  1 1057280 148752 100612 4149488    0 18340  8710 18498 6777 7904 84 16  0  0  0  0
procs -----------memory---------- ---swap-- -----io---- -system-- -------cpu-------
 r  b   swpd   free   buff  cache   si   so    bi    bo   in   cs us sy id wa st gu
18  0 1058304 146044  90904 4065216    0  506  4031  2930 6937 7969 88 12  0  0  0  0
18  0 1067776 195820  78912 3997588    0 4854  6265  5256 6539 8053 88 12  0  0  0  0
 7  1 1069056 243328  78292 3936248    0  678 20382   900 6506 7948 88 12  0  0  0  0
10  1 1069056 254912  78468 3970960    0    0 11744   210 6850 8032 88 12  0  0  0  0
 3  0 1069056 220912  78712 3983456    0    0  3593   406 6473 6652 90 10  0  0  0  0
 8  0 1069056 232920  79232 3996064    0    0  4826  2244 6686 8227 91  8  0  0  0  0
 7  0 1069056 227228  79232 3991928    0    0    63     4 6565 7258 92  8  0  0  0  0
11  0 1069056 210180  79260 4008036    8    0   158    96 6061 5945 93  7  0  0  0  0
10  0 1069056 137444  79352 4028100    0    0  2116   294 6875 8565 87 13  0  0  0  0
12  0 1070848 289144  78620 3923720    0  924  1640  1210 8955 10507 83 17  0  0  0  0
 7  0 1070592 1782152  79300 3913168   24    0 11380  3210 8200 11536 82 18  0  0  0  0
 7  0 1070592 1842388  79332 3910748    0    0   886   130 7236 8934 93  6  1  0  0  0
 7  0 1070592 1803560  79492 3958476    0    0 30529    96 7418 11132 85  8  6  1  0  0
 8  0 1070592 1771120  79540 3960208    0    0  1656  1352 7164 10202 85  9  6  0  0  0
 3  0 1070592 1761572  79556 3961948    0    0  1124   202 7241 9337 80 13  7  0  0  0
 3  0 1070592 1773584  79564 3967444    0    0    53   804 6019 6355 79  5 16  0  0  0
 3  0 1070592 1770640  79580 3960680    0    0     0   138 5106 4091 77  3 21  0  0  0
 4  0 1070592 1721024  79588 3949788    0    0    34    24 5471 4690 78  4 17  0  0  0
 3  0 1070592 1731584  79608 3949892    0    0     2   832 4603 2702 77  4 20  0  0  0
 3  0 1070592 1745108  79608 3951292    0    0     0    68 5324 5170 79  4 16  0  0  0
 3  0 1070592 1741956  79628 3949224    0    0     2   560 5172 4509 78  4 17  0  0  0
procs -----------memory---------- ---swap-- -----io---- -system-- -------cpu-------
 r  b   swpd   free   buff  cache   si   so    bi    bo   in   cs us sy id wa st gu
 3  0 1070592 1749272  79628 3951324    0    0     0     4 5386 4807 78  4 18  0  0  0
 3  0 1070592 1745668  79628 3952392    0    0  1004     0 5746 6079 79  5 16  0  0  0
 3  0 1070592 1743084  79668 3952412    0    0     4   860 5272 4777 78  4 18  0  0  0
 3  0 1070592 1736172  79676 3952576    0    0    82    32 5555 3658 73 22  4  0  0  0
 4  0 1070592 1742528  79692 3952600    0    0    49  1926 5677 5989 80  6 15  0  0  0
 3  0 1070592 1739812  79692 3952768    0    0    78     0 6570 7108 80  7 13  0  0  0
 3  0 1070592 1771828  79692 3953796    0    0     0    20 6186 6236 78  8 14  0  0  0
 3  0 1070592 1769888  79712 3953760    0    0     2  1168 5712 4980 78  4 18  0  0  0
 6  0 1070592 1776036  79744 3953620    0    0     0   152 6761 6497 83 11  7  0  0  0
 3  0 1070592 1776236  79744 3953768    0    0     0     2 6802 6853 79  7 15  0  0  0
 4  0 1070592 1775160  79752 3953784   12    0    12   256 6493 6371 78  7 15  0  0  0
 3  0 1070592 1779248  79776 3951408    0    0    77   104 7292 8764 79  8 12  0  0  0
 4  0 1070592 1777036  79792 3951416    0    0     0    90 5040 4494 77  3 20  0  0  0
 4  0 1070592 1776084  79792 3951352    0    0     0   256 5209 3759 78  4 18  0  0  0
 5  0 1070592 1785216  79800 3951100    0    0     0    58 4992 3557 80  2 18  0  0  0
 3  0 1070592 1788488  79808 3951092    0    0     0   286 5512 4377 77  4 19  0  0  0
 3  0 1070592 1797408  79816 3951276    0    0   259    24 5429 4975 79  4 18  0  0  0
 3  0 1070592 1791872  79852 3951472    0    0     2   194 5156 4540 78  3 18  0  0  0
 3  0 1070592 1800980  79860 3950332    0    0     0    38 4862 3493 80  3 18  0  0  0
 4  0 1070592 1806000  79876 3950336    0    0     0    30 4764 3391 75  3 22  0  0  0
 3  0 1070592 1803960  79876 3950472    0    0    64    34 5420 4570 77  6 17  0  0  0
procs -----------memory---------- ---swap-- -----io---- -system-- -------cpu-------
 r  b   swpd   free   buff  cache   si   so    bi    bo   in   cs us sy id wa st gu
 5  0 1070592 1808600  79884 3950528    0    0     4    54 7023 7234 80  8 12  0  0  0
 3  0 1070592 1805872  79900 3950552    0    0     0    88 5251 3885 77  6 17  0  0  0
 4  0 1070592 1810136  79916 3950548    0    0     0   114 5023 3613 77  4 20  0  0  0
 5  0 1070592 1806180  79928 3950592    0    0     2   130 5029 3811 76  3 21  0  0  0
 4  0 1070592 1804220  79944 3948556    0    0     0    84 5009 3709 78  3 20  0  0  0
 6  0 1070592 1781056  79968 3953012    0    0     0   134 4904 3485 79  3 18  0  0  0
 3  0 1070592 1789120  79984 3953064    0    0     0   254 4706 3099 78  3 19  0  0  0
 4  0 1070592 1789148  79984 3953856    0    0     0   128 5517 5562 80  6 14  0  0  0
 3  0 1070592 1771972  79992 3953768    0    0     8    72 5351 5104 79  6 14  0  0  0
 3  0 1070592 1782132  79992 3952856    0    0     0     4 4732 3493 80  3 18  0  0  0
 3  0 1070592 1781816  80000 3952840    0    0     0    64 4630 2806 77  2 21  0  0  0
 3  0 1070592 1786768  80024 3952888    0    0    58   160 4660 2612 80  3 17  0  0  0
 3  0 1070592 1786716  80032 3953164    0    0   170    30 4363 2579 76  3 21  0  0  0
 3  0 1070592 1786176  80048 3953828    0    0     0    42 5012 3936 78  4 17  0  0  0
 3  0 1070592 1785864  80048 3953952    0    0    56   306 5284 4802 78  5 17  0  0  0
 3  0 1070592 1783592  80048 3953292    0    0     0   128 5009 3625 77  4 20  0  0  0
 3  0 1070592 1783820  80064 3953332    0    0    22    72 4642 2999 77  3 20  0  0  0
 4  0 1070592 1713304  80224 3954724    0    0    72   264 5030 3566 82  5 13  0  0  0
 3  0 1070592 1727608  80224 3954644    0    0     0     4 4918 3371 78  4 18  0  0  0
 3  0 1070592 1742740  80240 3955328    0    0     0    96 5507 5101 78  5 16  0  0  0
 3  0 1070592 1770820  80248 3952944    0    0     0    78 5194 4559 78  3 19  0  0  0
procs -----------memory---------- ---swap-- -----io---- -system-- -------cpu-------
 r  b   swpd   free   buff  cache   si   so    bi    bo   in   cs us sy id wa st gu
 3  0 1070592 1773724  80272 3952932    0    0     0   146 5008 4029 79  4 17  0  0  0
 3  0 1070592 1773408  80276 3952940    0    0     2    12 5360 4868 78  5 18  0  0  0
 3  0 1070592 1775324  80276 3952232    0    0     0    46 4622 2636 77  3 20  0  0  0
 3  0 1070592 1767056  80284 3952996    0    0    18    50 5165 5081 80  3 16  0  0  0
 4  0 1070592 1770280  80360 3951772    0    0    42  1948 4847 3470 80  4 16  0  0  0
 3  0 1070592 1781504  80384 3952856    0    0     0    60 4975 4209 78  3 19  0  0  0
 4  0 1070592 1782744  80408 3952912    0    0    49   112 5207 4512 77  5 18  0  0  0
 8  1 1070592 1780420  80556 3951976    0    0    72    34 5956 7303 80  6 14  0  0  0
 3  0 1070592 1781036  80560 3953764    0    0  1011     4 6007 7445 82  6 12  0  0  0
 3  0 1070592 1788676  80560 3955972    0    0    84     4 4849 3821 77  4 19  0  0  0
 3  0 1070592 1787364  80584 3955984    0    0     0   148 4911 4290 78  3 19  0  0  0
 3  0 1070592 1785772  80600 3955848    0    0     0    70 5449 5539 79  5 16  0  0  0
 5  0 1070592 1788540  80600 3955856    0    0     0     2 5198 4949 79  4 18  0  0  0
 3  0 1070592 1789576  80600 3955856    0    0     0   266 4566 2547 76  3 21  0  0  0
 3  0 1070592 1744988  80632 3958316    0    0     0   138 4799 3289 79  5 16  0  0  0
 3  0 1070592 1747972  80648 3958320    0    0     0   142 4902 3424 77  3 20  0  0  0
 3  0 1070592 1747796  80648 3958324    0    0     0    48 4795 3290 76  2 22  0  0  0
 3  0 1070592 1747728  80656 3958268    0    0     0    68 4616 2905 76  3 21  0  0  0
 3  0 1070592 1742928  80656 3958324    0    0     0   128 4279 2432 76  2 22  0  0  0
 3  0 1070592 1744040  80656 3958328    0    0     0     0 4546 2738 76  3 21  0  0  0
 3  0 1070592 1745696  80684 3958324    0    0     2   516 4450 2518 76  3 21  0  0  0
procs -----------memory---------- ---swap-- -----io---- -system-- -------cpu-------
 r  b   swpd   free   buff  cache   si   so    bi    bo   in   cs us sy id wa st gu
 3  0 1070592 1744272  80712 3958468    0    0     2   116 5500 5377 78  4 17  0  0  0
 3  0 1070592 1748440  80744 3958444    0    0     0    92 5184 4269 77  5 18  0  0  0
 4  0 1070592 1747284  80744 3958444    0    0     0    90 4475 2508 77  3 20  0  0  0
 3  0 1070592 1746120  80744 3958864    0    0   274     2 5929 4809 79  6 15  0  0  0
 3  0 1070592 1756032  80760 3958880    0    0     0   190 5040 3439 78  5 18  0  0  0
 3  0 1070592 1753696  80780 3958880    0    0     2    86 5257 3978 78  5 17  0  0  0
 4  0 1070592 1750624  80780 3958888    0    0     0    70 5459 4255 78  3 19  0  0  0
 3  0 1070592 1750416  80780 3959088    0    0    98     0 4769 2774 78  4 18  0  0  0
 3  0 1070592 1761308  80812 3956660    0    0     0   184 4639 2651 77  2 20  0  0  0
 5  0 1070592 1764788  80836 3956660    0    0     0   130 4692 2792 77  2 20  0  0  0
 5  0 1070592 1769776  80836 3956664    0    0     0    10 4789 3048 77  3 20  0  0  0
 3  0 1070592 1813104  80836 3954220    0    0     0     0 4593 3187 76  3 21  0  0  0
 3  0 1070592 1801688  80844 3954240    0    0    82   184 4927 3375 78  4 17  0  0  0
 3  0 1070592 1807864  81116 3954440    0    0   206    76 4992 3276 77  3 20  0  0  0
 3  0 1070592 1809688  81132 3954456    0    0     0   322 4720 2819 77  2 21  0  0  0
 3  0 1070592 1801996  81140 3954492    0    0     0    48 5419 5683 79  5 16  0  0  0
 3  0 1070592 1804300  81156 3954776    0    0   930    26 4814 3090 76  3 21  0  0  0
 7  0 1070592 1808256  81156 3954792    0    0     4     0 4401 2387 76  2 22  0  0  0
 3  0 1070592 1804436  81172 3954828    0    0     0    90 4513 2594 77  2 21  0  0  0
 3  0 1070592 1802216  81188 3954848    0    0     0    98 4504 2562 77  3 20  0  0  0
 3  0 1070592 1751960  81196 3971868    0    0  7340    66 5514 5323 80  7 13  0  0  0
procs -----------memory---------- ---swap-- -----io---- -system-- -------cpu-------
 r  b   swpd   free   buff  cache   si   so    bi    bo   in   cs us sy id wa st gu
 3  0 1070592 1742884  81196 3973556    0    0   288     0 6495 7800 83  6 11  0  0  0
 6  0 1070592 1741672  81204 3972540    0    0     0    54 5577 6000 80  5 16  0  0  0
 3  0 1070592 1727248  81212 3975048    0    0    18   142 5879 6075 80  6 14  0  0  0
 3  0 1070592 1726708  81244 3975108    0    0    28   320 4881 3149 78  3 19  0  0  0
 3  2 1070592 1679544  81296 4020324   14    0 20866  1820 5910 4587 81  4 14  1  0  0
 3  0 1070592 1669004  81544 4028656    0    0  6252  5138 5547 4136 82  5 12  1  0  0
 3  0 1070592 1679516  81544 4028660    0    0     0    72 4553 2527 77  2 21  0  0  0
 3  0 1070592 1676468  81544 4028676    0    0     0    12 4644 2789 77  3 21  0  0  0
 3  0 1070592 1677316  81560 4028704    0    0     0   400 4723 2776 77  2 21  0  0  0
 7  0 1070592 1681968  81576 4028116    0    0     0   150 5260 3912 78  3 19  0  0  0
 3  0 1070592 1681052  81592 4028732    0    0     0    30 5715 5732 82  4 13  0  0  0
 3  0 1070592 1702096  81592 4029328   10    0   237   222 5084 3700 77  5 19  0  0  0
 9  0 1070592 1689452  81612 4029336    0    0     2   100 4582 2973 77  2 20  0  0  0
 3  0 1070592 1686272  81620 4030408    0    0   753    24 5218 5006 80  5 15  0  0  0
 3  0 1070592 1685768  81636 4030400    0    0     0    50 4876 3396 78  4 18  0  0  0
 6  0 1070592 1683200  81636 4036044    0    0  4795     0 4693 3105 77  4 19  0  0  0
 3  0 1070592 1681460  81648 4045596    0    0  5937   118 4953 3287 77  5 18  1  0  0
 3  0 1070592 1686084  81656 4043160    0    0     0    42 4305 2488 76  2 22  0  0  0
 3  0 1070592 1693768  81680 4043160    0    0     0   152 4450 2522 76  3 21  0  0  0
 3  0 1070592 1694680  81680 4043164    0    0     0     0 4498 2644 76  3 21  0  0  0
 3  0 1070592 1692852  81680 4043168    0    0     0     8 4582 2703 77  4 19  0  0  0
procs -----------memory---------- ---swap-- -----io---- -system-- -------cpu-------
 r  b   swpd   free   buff  cache   si   so    bi    bo   in   cs us sy id wa st gu
 3  0 1070592 1687756  81688 4043172    0    0     0    48 4358 2336 76  3 21  0  0  0
 3  0 1070592 1691872  81704 4043464    0    0   250    62 4520 2644 77  3 20  0  0  0
 5  0 1070592 1702912  81724 4043460    0    0     2    52 4348 2440 76  2 22  0  0  0
 4  0 1070592 1705316  81732 4043464    0    0     0    56 4454 2864 77  3 21  0  0  0
 4  0 1070592 1702000  81752 4044296    0    0   403   190 6632 6693 79 10 11  0  0  0
 3  0 1070592 1699032  81884 4045228    0    0   368   486 5634 4631 77  6 16  0  0  0
 3  0 1070592 1702304  81900 4045236    0    0     0   126 5130 3614 77  5 18  0  0  0
 3  0 1070592 1701760  81916 4045516    0    0   192   100 4554 2700 77  3 20  0  0  0
 6  0 1070592 1737480  81936 4039148    0    0     2    68 4598 2763 77  3 20  0  0  0
 3  0 1070592 1736824  81952 4038972    0    0     0    88 4499 2560 77  2 21  0  0  0
 3  0 1070592 1738456  81952 4039004    0    0     0     2 5300 5149 80  5 15  0  0  0
 8  0 1070592 1633396  81960 4044440    0    0   190    68 4737 3831 80  5 15  0  0  0
 0  0 1070592 1622096  81976 4061332    0    0  8085    66 2323 4069  7  3 89  1  0  0
 0  0 1070592 1622148  81976 4061296    0    0     0     0 1957 2749  3  3 94  0  0  0
 0  0 1070592 1683664  81984 4061420    0    0   539    48 2862 4488  7  5 88  0  0  0
 6  1 1070592 1687676  81984 4067216    0    0   317    16 4412 8633 14  6 78  1  0  0
 0  0 1070592 1697064  82172 4063856    0    0   822    84 3350 5969  7  4 89  1  0  0
 0  0 1070592 1703860  82180 4064752    0    0    79    86 2794 5203  6  4 90  1  0  0
 0  0 1070592 1703088  82204 4064820    0    0   148    84 2054 2990  5  3 92  0  0  0
 0  0 1070592 1707560  82220 4064452    0    0   529    42 4466 9151 11  7 81  1  0  0
 0  0 1070592 1699080  82220 4071448    8    0     8    12 3691 6104  8  5 86  1  0  0
procs -----------memory---------- ---swap-- -----io---- -system-- -------cpu-------
 r  b   swpd   free   buff  cache   si   so    bi    bo   in   cs us sy id wa st gu
 0  0 1070592 1693360  82256 4063140    0    0    58  1722 3290 4799 12  4 84  0  0  0
